0.005466754
0.006681859
0.00485678
0.004270831
0.005959984
0.004138846
0.004846768
0.006012042
0.004229276
0.004690868
0.007923283
0.004371285
0.004251906
0.006516152
0.004784875
0.005723596
0.006812524
0.00598026
0.004901287
0.005080053
0.007169657
0.006460364
0.006761787
0.006401729
0.005509111
0.006243853
0.005208784
0.004043581
0.007216423
0.004970762
0.005885201
0.005184532
0.005577685
0.004894615
0.007020736
0.006643341
0.005190526
0.00857241
0.005114524
0.004885285
0.005688667
0.01018621
0.007048284
0.005066441
0.007002211
0.006936949
0.004985105
0.005644141
0.005612092
0.007986883
0.01128313
0.00502662
0.005574378
0.004275845
0.004891957
0.004563656
0.006252255
0.006652068
0.004809283
0.007608111
0.007942149
0.004677778
0.007272605
0.007381436
0.008344057
0.004577806
0.007287057
0.005400702
0.005897578
0.004212854
0.005210735
0.003135551
0.005435602
0.006366641
0.005938586
0.007654631
0.005257805
0.004614732
0.006290053
0.007692344
0.004796243
0.00621259
0.005747921
0.006108235
0.005824217
0.005231159
0.00481708
0.006159255
0.004967865
0.007124071
0.007229777
0.003999926
0.005510023
0.006087948
0.005346654
0.003624579
0.005001986
0.00719243
0.007088595
0.00643156
0.00392811
0.005991874
0.005412635
0.00702206
0.006898136
0.007440738
0.004333875
0.005572607
0.005924071
0.005336965
0.006452765
0.004855842
0.007951298
0.005996703
0.004830115
0.006167241
0.004220603
0.006351259
0.007957494
0.005889534
0.006216259
0.00656689
0.006411877
0.00488271
0.004481479
0.005175583
0.006985483
0.005167596
0.005556741
0.004943994
0.004892744
0.005659345
0.006182626
0.006861645
0.006044992
0.006358951
0.006722176
0.00560512
0.004407637
0.004450023
0.005997548
0.005039203
0.005063475
0.005550769
0.006066654
0.003906102
0.008443326
0.005165306
0.003843653
0.005568422
0.008676264
0.006585558
0.006799461
0.006358867
0.005376589
0.005947974
0.00492189
0.005267608
0.006979875
0.003211546
0.003573156
0.005138261
0.00528123
0.0047012
0.005347087
0.005259811
0.004364282
0.005432068
0.006230083
0.005254359
0.006899016
0.005448264
0.005735467
0.00483822
0.004926667
0.004371727
0.005764709
0.004909432
0.003585235
0.004500793
0.006003679
0.006796149
0.007667431
0.008833241
0.006690561
0.005353601
0.00795959
0.004815479
0.005228323
0.004868781
0.004720381
0.005117946
0.005394545
0.004602707
0.006713994
0.006170787
0.005096314
0.006536411
0.005644858
0.005093151
0.005030806
0.004986695
0.004414271
0.006010728
0.007333429
0.004818025
0.004658814
0.006372398
0.005830626
0.005375845
0.007304057
0.004865705
0.005779899
0.007306125
0.006800854
0.005922461
0.007445823
0.00562276
0.00375539
0.00593885
0.006678018
0.007027889
0.004712389
0.004745816
0.005315294
0.005374235
0.006730462
0.006096229
0.006550195
0.007388264
0.007073138
0.004227526
0.007636062
0.006263033
0.007270354
0.005299338
0.00420125
0.004136679
0.00426682
0.005746403
0.005847252
0.007396481
0.006101663
0.005942169
0.0053659
0.005710502
0.00493727
0.004608015
0.006694723
0.008646319
0.00591884
0.007697156
0.005493999
0.005825003
0.00675597
0.003627365
0.007517262
0.00534054
0.008083901
0.005785947
0.005513018
0.004922578
0.007783799
0.01037374
0.005226562
0.005368863
0.005592417
0.0066798
0.005960711
0.006753779
0.00437417
0.005710795
0.004818605
0.00536706
0.005713146
0.005320801
0.005019696
0.008953694
0.004885753
0.006101974
0.005327844
0.004966598
0.005209399
0.00680164
0.006624966
0.006966503
0.00744342
0.00490017
0.004880859
0.004591794
0.004447903
0.009216063
0.005049697
0.007559774
0.004915623
0.005696438
0.005153728
0.006486677
0.00619633
0.005649628
0.004988047
0.006239784
0.004606015
0.005259454
0.004039048
0.005771662
0.006013466
0.00650236
0.00645102
0.006421635
0.00662285
0.007243784
0.004959677
0.005121321
0.006776797
0.005651434
0.005728585
0.006425959
0.004435788
0.008330546
0.005217563
0.005822706
0.008759603
0.005609137
0.004934029
0.006671378
0.005379441
0.005131136
0.00540585
0.004741597
0.008325302
0.005482852
0.005143342
0.006764935
0.003845746
0.00747941
0.006654817
0.004087747
0.004734955
0.005736505
0.005050454
0.008546147
0.005572577
0.004463502
0.005913116
0.004415935
0.005142728
0.00548613
0.005567278
0.004189885
0.003290725
0.005670118
0.003798978
0.004431936
0.008814337
0.004607727
0.005476269
0.005354468
0.004657506
0.006530425
0.005972214
0.007269079
0.005180342
0.006128558
0.007282794
0.004778621
0.007060231
0.007432264
0.004116127
0.008395149
0.007631736
0.004707283
0.006023569
0.006037466
0.00579999
0.006437549
0.005464209
0.003999902
0.00486006
0.004785968
0.005271196
0.004504201
0.003928603
0.008021616
0.007123209
0.004838355
0.004974932
0.005100251
0.006206388
0.005862517
0.004107522
0.006875308
0.005617592
0.004194088
0.006385567
0.006044139
0.007280948
0.004788052
0.004932192
0.006092199
0.005571389
0.003997181
0.007750782
0.003626807
0.006588639
0.007853344
0.004964037
0.007199867
0.00586336
0.008535196
0.00672699
0.006404835
0.007192326
0.006383099
0.005388333
0.005112623
0.007338884
0.007112701
0.005569817
0.007260883
0.004615847
0.005163905
0.005815092
0.007857611
0.005904036
0.005156315
0.006651802
0.006027887
0.005248009
0.003894513
0.005495505
0.005312284
0.005973528
0.005713062
0.008275656
0.006226202
0.005044185
0.005067615
0.004473371
0.006905618
0.004878896
0.006984103
0.006317477
0.007258341
0.004825137
0.006202756
0.006129336
0.00578789
0.004872775
0.005101161
0.004396603
0.005064145
0.007473997
0.004982391
0.004924049
0.007527007
0.00548267
0.007392441
0.006585466
0.007057016
0.005580632
0.004565768
0.006388346
0.005082082
0.005858357
0.005704297
0.005176734
0.005219832
0.006931556
0.004008279
0.004057577
0.006372563
0.005496974
0.007644374
0.00709644
0.008552473
0.004404505
0.005811364
0.005544288
0.00836378
0.006021151
0.007018659
0.004552144
0.004459424
0.006332316
0.006457049
0.007346543
0.004796562
0.007779861
0.004540185
0.004493544
0.006732474
0.007595362
0.007038066
0.007155239
0.004485866
0.004921807
0.004881536
0.006170208
0.006092353
0.005116518
0.006454516
0.003705222
0.004986306
0.004827695
0.004726162
0.005556601
0.005965594
0.007645716
0.004343735
0.00600747
0.005753376
0.005667675
0.005724237
0.005418521
0.007081256
0.00553176
0.005340928
0.00565314
0.005321931
0.007325642
0.006251209
0.005152781
0.005924265
0.003975566
0.004452852
0.006873923
0.008238119
0.005439287
0.008654538
0.006303525
0.005665704
0.005711457
0.006879411
0.005480609
0.006822358
0.006146648
0.004637476
0.005734137
0.004746879
0.005402723
0.00724639
0.004957637
0.004833188
0.006684768
0.006063805
0.004577979
0.005131967
0.006517086
0.006139366
0.007996217
0.008652625
0.006698039
0.006784213
0.005250507
0.008484111
0.009666757
0.004114677
0.005101791
0.00516171
0.004772736
0.008065926
0.005522667
0.005911446
0.004177229
0.003602291
0.002819919
0.005407294
0.003986713
0.005700732
0.003902835
0.006085207
0.00654431
0.005741677
0.005174799
0.006528229
0.007435964
0.005873368
0.0046136
0.00506232
0.00588642
0.004481034
0.008697037
0.005411414
0.00743732
0.006060279
0.005654759
0.007746328
0.005421149
0.00372088
0.005256351
0.004441169
0.006318272
0.004816793
0.005278795
0.005838222
0.006357211
0.007439326
0.006436806
0.004543634
0.00608644
0.007131449
0.005909153
0.00585887
0.004200079
0.00691493
0.008013067
0.005306786
0.004722457
0.006309857
0.004076745
0.005954952
0.005440364
0.006155943
0.005726784
0.00467617
0.006129334
0.007089517
0.006186923
0.005982708
0.005881148
0.005027487
0.006483648
0.005470945
0.005293508
0.004006401
0.006092727
0.005422158
0.00463312
0.006583753
0.006455923
0.005099975
0.005878286
0.005885131
0.007189156
0.006434423
0.006080437
0.004992454
0.006079487
0.004925782
0.006193892
0.006537575
0.004578136
0.004278976
0.005299297
0.005824007
0.006130499
0.006884725
0.005292252
0.006230044
0.005229877
0.00599894
0.006308313
0.00482908
0.007728989
0.004422282
0.004331413
0.007232247
0.006884839
0.005214222
0.00642889
0.00758846
0.00624832
0.0051336
0.00629198
0.004619894
0.005024454
0.006261305
0.005090011
0.006916773
0.003571979
0.006508518
0.005813045
0.005992675
0.00513103
0.008110204
0.004623362
0.004893082
0.005359805
0.005439974
0.005737643
0.007895366
0.008548167
0.005042927
0.005785703
0.005663398
0.00684395
0.006620157
0.005982186
0.005254267
0.004781171
0.005390462
0.006540515
0.007581408
0.004408636
0.006244458
0.00572686
0.005314703
0.005807436
0.005186837
0.004657825
0.007873039
0.003856269
0.006048597
0.00529631
0.004703424
0.005740156
0.003947701
0.008115772
0.005804416
0.006227166
0.004187647
0.004639999
0.006287726
0.00559904
0.005770989
0.005674061
0.00725102
0.006898654
0.005148127
0.005459675
0.005560917
0.00678069
0.006315388
0.005265863
0.004196396
0.00796416
0.004086038
0.006087859
0.006477008
0.00522116
0.006230795
0.004213922
0.005567788
0.006934137
0.007473324
0.006075907
0.007109404
0.005443111
0.007376629
0.006812553
0.005375723
0.006061491
0.004103124
0.003447312
0.00620812
0.00558977
0.005730841
0.005251451
0.008214595
0.005397554
0.005824681
0.004830623
0.006921369
0.005733753
0.00634578
0.006032707
0.006113796
0.006909942
0.006603528
0.006378155
0.005041492
0.00654416
0.004153985
0.006460642
0.006024639
0.006025926
0.005162574
0.006478667
0.0036873
0.003411094
0.004011129
0.007365917
0.004530638
0.006200611
0.005792819
0.005088607
0.005618019
0.006616089
0.006947354
0.004230703
0.005788976
0.004976227
0.004570831
0.006045326
0.004893186
0.006683731
0.004834231
0.0060935
0.005750733
0.006801017
0.009586615
0.005575759
0.005082895
0.005621106
0.006867971
0.005325849
0.005798981
0.008718251
0.005422614
0.006681434
0.005136062
0.006325262
0.00742419
0.006592019
0.005894444
0.005637661
0.0064776
0.004731872
0.00858222
0.004219701
0.005576125
0.006029218
0.003680393
0.005852656
0.006845262
0.005381751
0.007375487
0.00537423
0.006250543
0.004007368
0.006339777
0.00598953
0.00708267
0.006875364
0.007517769
0.005986908
0.004917287
0.006261649
0.007602284
0.004893946
0.006489994
0.004728481
0.006512
0.005106138
0.007821864
0.005629598
0.006412794
0.006604937
0.00530284
0.003998461
0.004615434
0.007124052
0.004612471
0.004837773
0.007392995
0.005129538
0.005725192
0.005572261
0.004867195
0.004309395
0.009354043
0.004902741
0.005688912
0.004643918
0.006623041
0.006617272
0.006294347
0.006315514
0.007396682
0.008613091
0.006341591
0.006099841
0.007047472
0.006154531
0.004217393
0.004355622
0.007025586
0.005629137
0.006332144
0.006061811
0.005867069
0.003653618
0.005805485
0.005448988
0.005854393
0.004722561
0.005835192
0.006467738
0.006100099
0.005412224
0.007388547
0.005839309
0.006919751
0.006339675
0.005600141
0.006099196
0.006148513
0.005381969
0.005954534
