21.7216
21.0965
18.6173
16.0693
19.5199
17.7184
18.4104
20.1799
15.6723
19.6712
32.9298
17.4743
16.4536
24.0259
16.8919
22.2546
23.26
23.5267
21.3949
17.7366
32.6233
24.6198
23.7144
27.7312
23.1857
25.3064
17.1544
17.1519
25.6183
19.007
22.7463
18.4096
19.9709
20.1224
21.9702
24.1237
20.48
37.5649
21.7578
17.603
24.7044
40.2493
28.6099
21.7174
29.5744
25.6921
20.4823
20.3438
19.3666
26.1707
36.7899
17.8348
20.8499
15.8571
19.7276
15.9006
23.3623
22.6016
18.6819
30.0897
30.7879
17.4461
26.929
28.7969
31.6299
17.3611
29.9662
18.6463
21.8993
12.1382
20.6874
11.2449
22.7755
18.5473
25.0486
30.8872
18.5498
19.6373
19.218
29.1626
18.6206
22.9795
19.7425
20.2703
19.1555
19.9055
20.8107
23.1774
20.2595
26.0798
29.3949
18.2649
22.273
21.1418
20.6599
12.4285
18.6361
26.4621
30.4419
23.1987
14.7191
20.2632
18.0677
27.0666
26.8521
25.218
14.1937
23.4254
20.1387
19.3592
22.3145
20.3823
28.8846
20.6641
19.5354
22.9541
15.5674
24.3513
32.0126
21.6673
23.2549
25.9798
23.3073
17.7279
14.8855
18.5452
26.8274
21.0409
22.3416
19.6148
15.6354
22.1616
20.4201
23.2935
22.8647
23.8488
24.648
21.3346
17.8902
18.1172
23.7738
18.0345
19.6515
19.2887
19.3101
15.1588
32.6267
19.284
15.4049
21.663
30.8508
27.2679
26.3405
24.5809
17.2781
22.6641
22.4734
18.939
23.3072
10.7555
13.887
19.9141
18.1443
15.4087
19.1738
13.9122
16.4962
24.1004
23.851
20.9299
26.7123
22.064
22.9698
17.3919
19.7179
16.9056
21.1325
18.3546
14.1596
17.7171
24.4764
26.653
23.8487
35.232
26.0408
18.7035
28.4034
17.0154
18.3316
19.1625
17.5694
20.8868
18.5171
14.6564
26.5376
23.4941
18.3001
18.8214
23.6182
17.8764
19.7439
17.9907
19.0591
22.9162
29.5007
18.9782
19.0989
24.6427
23.9995
25.4457
26.9546
18.4835
22.1747
27.6794
19.7845
23.0456
28.2601
21.3025
14.1864
21.8634
25.1195
25.8341
16.9638
17.4068
20.5729
19.5462
25.1269
21.2595
18.15
23.3147
22.8514
17.0817
26.7295
19.8168
21.0777
19.365
16.4697
17.0178
18.2177
19.804
22.1153
24.1484
19.5756
25.6136
19.6994
17.897
19.5271
18.5274
22.1993
28.4246
20.4403
27.0652
17.6976
24.1892
26.9776
12.5225
26.4222
22.8973
23.7349
20.854
21.2389
19.1889
30.9125
31.6482
20.9144
22.1697
18.9272
26.0062
23.1185
24.5976
17.7506
22.7192
15.6476
22.5789
20.8323
22.2393
19.8531
32.2641
18.1537
24.9838
20.8088
17.5904
21.2532
23.7163
25.3293
25.3704
29.8269
19.7421
19.2217
16.548
17.8884
31.1984
19.9563
23.7358
18.5667
17.0389
21.1459
26.0996
23.8814
22.8954
18.8201
21.6518
17.0049
23.2886
16.2356
25.8238
17.5227
25.4741
26.0996
25.6195
25.2522
27.6777
19.7473
17.1997
22.9379
19.1934
23.7514
25.0223
18.1339
36.5681
21.1808
23.2344
36.5081
19.4784
20.1936
26.5727
18.3213
18.1791
20.9534
18.9524
28.4891
21.2551
21.1504
23.3968
14.0667
22.1493
28.5853
16.3516
19.0724
21.5213
20.1952
24.1456
23.9754
19.1095
22.5774
17.2206
19.785
20.6939
19.974
16.1541
12.2669
22.9997
13.2443
16.9877
28.4659
17.8478
17.6441
21.015
18.7541
24.6022
19.4429
29.9614
16.7252
24.425
29.6618
17.4866
27.6108
27.7905
13.9894
28.1873
24.9847
17.047
21.6216
23.079
21.101
25.8138
22.1189
15.5337
18.9884
18.2857
21.0132
17.8047
12.4169
24.3732
28.5058
16.1648
19.3994
20.7977
23.908
22.5891
17.5369
23.5909
21.8535
16.4329
24.0211
23.4596
29.2258
21.3064
19.9956
24.4126
20.4436
15.0043
24.1333
12.7409
25.0025
31.9401
19.8009
28.9948
21.1706
31.6264
20.3217
21.324
29.8032
21.6246
22.2869
19.3478
26.6709
29.23
23.4286
26.6608
19.8709
18.9694
22.4027
28.082
22.3146
19.5364
25.5068
22.147
22.2165
12.1325
19.3544
22.401
22.0508
22.5366
30.6239
24.9134
17.6263
19.644
17.6058
26.0993
18.3084
25.5468
24.9203
25.3499
19.2081
25.2753
18.6786
21.528
17.4899
18.9351
15.1
19.3186
31.4594
18.6177
18.7527
28.0168
19.7795
27.8491
25.7603
25.9339
22.5265
18.0057
20.2906
17.2959
20.3524
21.2367
21.6285
20.0939
25.5868
15.4061
17.1939
20.9231
21.8729
28.2692
28.3842
32.1573
16.721
21.3119
21.3062
24.7736
25.3874
24.0959
17.7245
17.9713
24.6253
22.9818
26.6069
17.8199
32.2865
19.4329
16.7225
26.0301
24.2766
30.0265
28.0519
17.91
21.3351
19.8102
25.9978
22.2617
19.3059
25.7226
13.7908
18.9884
17.3966
18.8382
21.4282
22.0656
28.4702
15.7099
24.0613
23.532
18.5919
20.3377
20.4754
23.8428
18.2334
20.8168
22.1308
20.6393
26.2425
24.8785
20.2646
20.6463
16.1014
16.4943
25.202
28.3734
20.4453
34.7542
24.7784
21.715
23.0447
26.4858
17.1571
23.0185
21.1567
18.7137
23.6247
17.5907
22.2811
28.9373
15.8337
19.4053
25.8256
21.9286
17.1606
16.372
23.0538
21.389
25.955
33.2176
23.8199
27.2397
18.8447
32.561
36.6982
15.7049
20.2586
20.2689
18.7149
27.0732
19.7754
21.4939
16.083
13.748
9.14607
21.6607
14.0725
21.4205
15.1823
24.9987
22.0057
24.1356
19.9903
28.8015
26.4089
25.5182
19.1105
20.0641
19.0295
14.2483
29.209
22.6676
25.5968
22.2125
20.1064
31.9818
22.1429
14.5377
21.7522
16.9809
25.1828
16.9751
18.2688
22.2633
24.2677
30.6132
28.4763
16.0672
21.6533
27.7029
20.8677
23.4206
15.9582
24.0847
28.7113
22.5177
17.3632
25.4197
16.8361
22.1208
19.104
24.4615
21.4172
18.0618
20.9679
30.2414
22.4688
21.5621
24.1951
21.1162
23.7828
20.4952
20.4448
14.7845
23.1403
20.0166
15.7521
26.6112
23.5525
17.9691
22.7753
21.6923
28.5086
22.8081
18.3403
18.9876
23.6672
20.3254
23.0139
20.7872
16.7997
14.3145
18.9904
21.8363
22.5088
22.4546
22.7108
25.2209
21.2731
17.0839
23.9444
19.6008
30.6769
16.566
15.4061
25.1667
25.8293
19.1984
23.2009
24.4806
22.7372
21.789
22.6902
18.3863
15.5228
19.938
19.4924
25.937
14.1774
23.9861
22.0115
20.4693
18.5595
24.8551
18.1859
20.6262
20.0707
21.6635
22.4868
22.8349
28.6903
20.9814
22.8434
18.4441
24.1742
25.2318
23.2646
20.4794
17.8407
19.9936
23.9479
28.8675
17.324
22.042
18.3484
21.8024
22.8975
22.7823
17.7397
27.1312
15.161
24.0814
18.7965
19.042
23.1772
15.0242
28.1093
22.1031
26.4426
15.4342
16.8103
24.1062
15.866
22.6449
20.9896
28.0402
25.7435
19.9684
20.8523
20.63
24.7207
21.6986
22.3796
16.5855
21.4036
18.0495
24.8479
23.6666
19.5062
20.3056
16.2898
24.0083
25.4107
28.1062
23.8853
28.8297
19.1886
28.0725
26.7018
19.349
23.1415
17.1408
12.1243
20.0878
20.1983
20.2262
21.2469
34.0136
22.687
23.1022
14.6935
27.9253
21.1099
24.0651
18.3746
24.3109
25.2955
26.8755
26.9368
19.5501
23.4989
15.7505
27.951
26.1882
23.8009
20.3519
25.1531
14.5221
11.8294
16.1975
22.3546
14.9917
26.7286
23.8769
18.4174
22.1905
22.0241
27.7469
15.5901
15.7195
17.7922
16.7068
23.6579
19.0479
28.1097
20.2125
25.8365
23.2999
26.9999
35.6415
21.112
19.223
21.376
25.7518
19.6363
20.3782
34.4799
20.4169
25.8192
19.0269
22.1159
23.7851
26.9576
22.3647
22.8292
26.1217
18.7349
30.5618
17.1046
21.0308
21.7416
15.3606
23.754
29.8181
19.5223
26.7711
20.4612
25.912
14.0651
25.0444
24.6335
27.3719
28.3287
23.693
22.9201
19.553
23.047
29.5183
18.0476
20.1256
18.6296
23.7464
20.2873
28.3717
17.931
23.2265
23.2935
22.0692
13.1455
18.0859
27.5906
16.5132
20.0859
27.4289
20.7121
21.1101
22.367
19.5249
17.7248
34.1532
18.8605
21.8729
16.4684
26.1122
22.7073
23.2685
24.1
29.4206
33.5622
24.7934
23.6941
29.0272
21.6978
17.5266
15.6298
28.2907
23.4283
19.1491
25.3177
24.5159
14.0144
21.9791
23.8633
22.2231
16.9403
20.0164
23.5447
20.4199
18.0095
27.3275
23.7212
26.9671
26.489
16.5618
22.4573
21.7792
22.5899
17.6072
