0.007071562
0.005660469
0.007660492
0.006500088
0.00707632
0.007993308
0.00807632
0.006950294
0.007985559
0.006370969
0.007070693
0.004983716
0.005198614
0.008457136
0.005274232
0.00649578
0.00734313
0.008144639
0.008566323
0.01020703
0.006038573
0.005934689
0.008647127
0.007448817
0.006113714
0.008930246
0.007358385
0.009938263
0.007559398
0.009186185
0.005676942
0.008535704
0.005892033
0.008932643
0.009792653
0.006975233
0.01095942
0.004884015
0.004611165
0.006908768
0.007924769
0.0064887
0.007499288
0.005744377
0.007223121
0.008078542
0.005400525
0.006910398
0.00420616
0.008150642
0.009924188
0.006802012
0.007436243
0.006896579
0.005113294
0.00854075
0.007021679
0.005729017
0.008112996
0.005412985
0.005448271
0.00939601
0.006649986
0.005060977
0.006332467
0.009380166
0.01095435
0.007657112
0.008774747
0.007024824
0.005076876
0.008180513
0.005356486
0.00758964
0.00751113
0.004828203
0.005187795
0.005787361
0.007312976
0.006296056
0.007254919
0.007208898
0.00566116
0.00672112
0.006974968
0.005810539
0.007472795
0.004767884
0.006588319
0.00710737
0.007266771
0.005156563
0.009025641
0.006460673
0.005967732
0.008470462
0.007948737
0.008000598
0.006771231
0.006787484
0.007551967
0.007711997
0.005799462
0.007572253
0.007163091
0.006060757
0.007419423
0.004677142
0.009204252
0.007659225
0.005087875
0.00934774
0.008114711
0.007131509
0.005060256
0.007192218
0.006020067
0.0058494
0.00728613
0.005096515
0.009431418
0.006971512
0.006747832
0.007928272
0.00921934
0.006298429
0.008074603
0.004236512
0.007402304
0.006512863
0.00593787
0.007228898
0.006821459
0.007873992
0.008304151
0.006312647
0.006229604
0.005940101
0.005818726
0.006792613
0.006083421
0.007989573
0.007287188
0.007877822
0.006527877
0.00595437
0.006517733
0.004330421
0.004720328
0.004931012
0.007612164
0.008843729
0.007622773
0.007732919
0.008191813
0.006353969
0.007113814
0.005912702
0.007217811
0.01082825
0.005854951
0.006163768
0.005975412
0.006903617
0.004189503
0.004293674
0.00552011
0.005961892
0.007836357
0.006187372
0.007106003
0.005487429
0.007107217
0.008107611
0.006723069
0.008127836
0.005975909
0.005601953
0.006871328
0.008323018
0.005748861
0.0080464
0.00748076
0.007745668
0.008063484
0.006918071
0.008340832
0.006557051
0.007623144
0.006683078
0.008689702
0.01053801
0.006611432
0.007224693
0.0044665
0.006639379
0.006685101
0.005089494
0.005728038
0.006202454
0.006375272
0.006420084
0.006886344
0.008414333
0.005812238
0.005033692
0.006725395
0.007597898
0.01039777
0.008668258
0.008051353
0.006152364
0.006027483
0.006157515
0.01000496
0.007248224
0.005263408
0.007615737
0.007083202
0.005870891
0.0071557
0.008330846
0.01090845
0.009074021
0.008185992
0.008562292
0.00658129
0.007061092
0.009413628
0.007763383
0.007431262
0.005501725
0.006544735
0.007348203
0.006706009
0.008960775
0.006923918
0.008277185
0.007408349
0.00683755
0.006521156
0.006094383
0.01036957
0.009317666
0.006943122
0.006593337
0.006589769
0.005859614
0.01063355
0.008083558
0.006509547
0.008066195
0.004841182
0.006731573
0.008237479
0.01125323
0.006447704
0.008934987
0.006824653
0.009506893
0.009570864
0.006020739
0.007911898
0.008323685
0.007593217
0.005865332
0.008986581
0.006539465
0.00645435
0.009309468
0.005158988
0.009287273
0.006000413
0.006555146
0.007229856
0.009065004
0.008089774
0.01098639
0.006855528
0.007870986
0.006193534
0.006201539
0.009699017
0.007303588
0.006521668
0.007255911
0.006001658
0.005862501
0.008043947
0.007912305
0.006673355
0.008285439
0.005828545
0.007063934
0.007086366
0.008734773
0.007011698
0.00684647
0.007671133
0.007069913
0.007137511
0.005409539
0.006092182
0.01123868
0.006777414
0.006090914
0.007503301
0.007445402
0.005386468
0.006537694
0.005765348
0.008367559
0.009226871
0.007336313
0.005680246
0.005249168
0.008146901
0.005963409
0.004982838
0.009804075
0.006675202
0.002988095
0.006640376
0.007999354
0.004997293
0.008343184
0.007066455
0.007753648
0.007139454
0.007144993
0.007105867
0.007146656
0.00556395
0.00588845
0.00558359
0.007855545
0.007468453
0.007346804
0.005072405
0.006369086
0.00557104
0.007584651
0.007316446
0.006294157
0.005406175
0.00701347
0.006586605
0.004893244
0.007709633
0.005763585
0.007675274
0.008222622
0.008211329
0.00769349
0.008255483
0.007194779
0.004704045
0.006451202
0.007134488
0.006769549
0.007099113
0.007590016
0.006245779
0.004713863
0.006936302
0.006972192
0.005682515
0.007705796
0.006755299
0.004972202
0.008161604
0.005784905
0.009488156
0.006956123
0.005764076
0.008602014
0.007328598
0.009431752
0.006569932
0.007927131
0.006276553
0.004948195
0.008240273
0.01011408
0.007264725
0.005964395
0.008416356
0.005128826
0.007502527
0.005341333
0.004833402
0.00691132
0.007809334
0.006566051
0.004898192
0.006056173
0.00687223
0.007666182
0.007073766
0.005412509
0.004993584
0.006033858
0.008827029
0.007974171
0.004836257
0.007755581
0.008548596
0.007211274
0.008157775
0.006048525
0.007597645
0.006553905
0.007281209
0.00612888
0.004809485
0.009583438
0.005243196
0.009080289
0.009489874
0.005505749
0.008340483
0.005922256
0.009282353
0.008966223
0.004347291
0.007100128
0.007192605
0.008091071
0.005896017
0.00721836
0.009658209
0.005650464
0.006563654
0.004711243
0.008110478
0.006242322
0.008518983
0.00628482
0.00903955
0.006033682
0.007238149
0.005323932
0.005035447
0.006721169
0.008193229
0.00641347
0.00812584
0.008954867
0.0076636
0.008871065
0.005345416
0.008524722
0.005176836
0.004344639
0.007001371
0.005673297
0.00689014
0.008791443
0.007118745
0.005232424
0.005087242
0.005777225
0.009404673
0.008206978
0.005430781
0.007918466
0.007935999
0.005540648
0.006198827
0.007408321
0.007059381
0.009062337
0.00689264
0.004137926
0.007740727
0.007692551
0.006359244
0.005024109
0.00647697
0.009665867
0.008005648
0.00632381
0.005672234
0.005752842
0.008262728
0.004613724
0.005411986
0.006527882
0.008772206
0.00550482
0.00762146
0.006713042
0.007511692
0.006141691
0.006883485
0.006162419
0.006884331
0.008638971
0.006452256
0.008628014
0.009717739
0.005535658
0.006577305
0.01054622
0.01047953
0.006717867
0.008142725
0.007389219
0.006256875
0.005609008
0.007429776
0.005668859
0.006532334
0.005771369
0.008293253
0.007541017
0.009223576
0.006978912
0.005705095
0.00596809
0.004719086
0.007370522
0.005609743
0.007148003
0.006781993
0.008832772
0.006800467
0.009418465
0.006271957
0.006157841
0.007904543
0.008103334
0.006525245
0.006971312
0.005516048
0.007146279
0.008138943
0.008543643
0.007409806
0.009176619
0.004599018
0.00806074
0.00841911
0.009897285
0.004618059
0.006793018
0.005930074
0.007486872
0.006889967
0.005439839
0.006661033
0.006055228
0.00571302
0.006923626
0.007083938
0.005900053
0.006111821
0.006358243
0.008784025
0.009274945
0.006927876
0.006445886
0.005825312
0.006205439
0.0112182
0.006916556
0.004953981
0.005251556
0.008473928
0.00562296
0.006717541
0.005723067
0.006057433
0.006636507
0.007263917
0.009389987
0.004870388
0.004716242
0.006158916
0.007489634
0.005632628
0.007468005
0.008445982
0.007775344
0.007932432
0.008677678
0.007276927
0.005796366
0.006970746
0.005433424
0.006007491
0.006190157
0.008503627
0.007466772
0.005861205
0.0122609
0.004515586
0.00586717
0.007678039
0.005998181
0.00477194
0.007822435
0.009221982
0.008879215
0.008579352
0.008071474
0.006729813
0.006571714
0.008201559
0.005855769
0.01030895
0.008390298
0.003261366
0.005808655
0.006194558
0.005642984
0.006856166
0.007284674
0.007725042
0.005451039
0.006439201
0.006301096
0.005780308
0.00471757
0.007794898
0.006414008
0.006637769
0.009012131
0.005493797
0.007957373
0.004525891
0.007224445
0.00606378
0.006789421
0.006668561
0.009798067
0.009070396
0.01065773
0.007721316
0.006471075
0.006440159
0.005306755
0.005086581
0.007091448
0.005898339
0.008222222
0.007420917
0.008178264
0.007069514
0.007739148
0.004385991
0.007465571
0.008597947
0.006632147
0.005688531
0.005225185
0.006413171
0.00573502
0.006652633
0.007157398
0.006405709
0.008996648
0.007423676
0.009159315
0.007321718
0.008209795
0.00857232
0.005968468
0.005420474
0.008421572
0.007113915
0.006647214
0.00919504
0.006968406
0.007204155
0.006381433
0.004480233
0.008812986
0.005750784
0.00798521
0.006756104
0.007821043
0.012163
0.006259117
0.00403543
0.006706941
0.008155908
0.006779045
0.007201437
0.005708868
0.005573447
0.007942217
0.00705744
0.005632262
0.005797802
0.00461913
0.007271473
0.006352132
0.01065755
0.007267856
0.006307215
0.005050339
0.004360356
0.006326322
0.007392012
0.00681114
0.008343284
0.004156829
0.005990458
0.005738788
0.009708421
0.006797453
0.008350705
0.006547593
0.005794897
0.00639182
0.008198885
0.005269826
0.007193448
0.006080535
0.007752342
0.005553738
0.006969584
0.007439242
0.005867938
0.007725
0.008703612
0.006325149
0.006207089
0.007922106
0.005431038
0.005414595
0.005942295
0.008393378
0.007201232
0.00820605
0.007946882
0.007377657
0.008089991
0.005985936
0.006563392
0.01027472
0.006034913
0.006443995
0.006335423
0.00720561
0.007229983
0.007750725
0.006631358
0.007161771
0.007708589
0.008777367
0.008129976
0.007355235
0.007472965
0.01043949
0.007607478
0.00802305
0.00578939
0.005427357
0.007151248
0.00529737
0.006168267
0.00627729
0.009574814
0.005596964
0.005461136
0.004366384
0.006846107
0.007597506
0.005723368
0.007835566
0.007978816
0.006645479
0.00763691
0.005936985
0.006872251
0.005162461
0.006238391
0.00645354
0.01021824
0.01030661
0.00896017
0.007402979
0.006598662
0.0082796
0.007564363
0.005353466
0.007889333
0.00429783
0.007979819
0.006619149
0.008059308
0.004549168
0.00638827
0.005350978
0.007791037
0.008845271
0.007666971
0.007746453
0.005526859
0.005317062
0.005163914
0.01025995
0.00686022
0.006414198
0.00720729
0.006111641
0.005726311
0.008540352
0.01087822
0.008068623
0.007928319
0.007703447
0.006297068
0.007446479
0.007021285
0.007982384
0.009263331
0.005615465
0.006406194
0.006335548
0.006949459
0.008680706
0.004490174
0.006059635
0.00657819
0.005406297
0.00755526
0.01007257
0.008533072
0.005813815
0.008391399
0.007445346
0.01029366
0.01049379
0.007949245
0.006087453
0.007175461
0.005415626
0.004409779
0.008293278
0.004778105
0.00559524
0.009207269
0.009334693
0.006767588
0.006632354
0.008271297
0.007300526
0.00757723
0.007311208
0.006657121
0.008140756
0.004618959
0.006510071
0.01055867
0.004488436
0.007730628
0.006464391
0.007359018
0.006098327
0.006170247
0.005835526
0.008394792
0.007352054
0.007077781
0.008543396
0.006144731
0.008046779
0.00509989
0.006414337
0.005499976
0.005797471
0.008749345
0.005342583
0.005534657
0.006437084
0.005325521
0.00676186
0.006804912
0.00785595
0.009701239
0.007475278
0.005253101
0.005546865
0.006799448
0.008043656
0.00961939
0.006624371
0.009369349
0.008107911
0.009560758
0.005304761
0.00601944
0.009779994
0.008819523
0.008063382
0.009117467
0.005125252
0.006962127
0.007795082
0.007886603
0.006526926
0.0092632
0.003806686
0.00680214
0.007502909
0.00757723
0.005051615
0.007529121
0.007875628
0.006778352
0.008718602
0.006464297
0.007281305
0.007144293
0.009444044
0.005757662
0.005707156
0.005890243
0.007121693
0.005141497
0.006681211
0.004854624
0.009567845
0.008498337
0.007413442
0.007634717
0.006286681
0.006068561
0.008692095
0.009102196
0.008943308
0.008134611
0.007205325
0.006877073
0.008640219
0.007194189
0.007477203
0.005081931
0.008495251
0.004995709
0.007918281
0.007035466
0.007632523
0.005954643
0.006048843
0.008069302
0.005961359
0.008977491
0.006577228
0.006655833
0.00699908
0.009898916
0.007080011
0.006435292
0.005203567
0.01212304
0.005914986
0.005564141
0.002952533
0.006739024
0.006837455
0.005245491
0.005686542
0.00761455
0.004987003
0.007060012
0.008441637
0.007866707
0.005614245
0.006695912
0.00613913
0.007985227
0.008413104
0.006522239
0.008230106
0.004702272
0.006791027
0.006639228
0.006336069
0.007629741
0.004128123
0.006615389
0.006400242
0.004962688
0.005632455
0.006825702
0.003444275
0.008839775
0.006395004
0.007505678
0.004528259
0.00599991
0.005164937
0.004817239
0.008739323
0.007766443
0.006045323
0.007356084
0.009005799
0.006496029
0.006310987
0.01009355
0.007931441
0.006080377
0.008705477
0.00763224
0.007734997
0.009860636
0.007111124
0.00442629
0.007786382
0.008354123
0.007858571
0.005323867
0.007440804
0.008166552
0.006114929
0.008872086
0.006674013
0.006084888
0.008005512
0.006585436
0.008693276
0.005301891
0.009327209
0.006420844
0.004990517
0.008791895
0.006969485
0.00534879
0.01097616
0.007145134
0.005749833
0.007217045
0.007538858
0.009100931
0.008651042
0.006890862
0.007391422
0.009557953
0.007201577
0.006674537
0.006487862
0.0064261
0.008305656
0.007207488
0.005145606
0.008142793
0.006006022
0.006149053
0.009201241
0.007696722
0.00641668
0.005618829
0.006622931
0.007346913
0.008773585
0.006082277
0.004581259
0.007064466
0.005279769
0.006026422
0.006997139
0.008566039
0.006195253
0.01022302
0.007931528
0.005796261
0.007947756
0.009247325
0.006544588
0.005255914
0.006675105
0.01007568
0.00715793
0.006857707
0.005715122
0.008611341
0.006595124
0.006664457
0.004888054
0.006830615
0.00877427
0.007982423
0.006956088
0.006763957
0.007695351
0.007671964
0.009474481
0.006486715
0.005012717
0.007698731
0.008109454
0.005654201
0.003796657
0.00793331
0.007368831
0.007260412
0.005381997
0.008359413
0.00643682
0.006431293
0.005859114
0.006179824
0.005076959
0.005805111
0.01005453
0.007727605
0.007074143
0.003160857
0.006366398
0.00788531
0.0062066
0.005900676
0.006747296
0.006776493
0.006959014
0.008047138
0.005074923
0.008281681
0.00694426
0.005145782
0.007337845
0.005831657
0.009820312
0.00792768
0.007725745
0.006867283
0.006147855
0.005780547
0.008440335
0.00959242
0.009781263
0.004801917
0.005250484
0.00598184
0.01051006
0.005898982
0.006711833
0.008988477
0.007238525
0.007886522
0.006887259
0.008210177
0.007404977
0.004372649
0.008245071
0.007871645
0.01128835
0.006630774
0.006449395
0.008143265
0.005924818
0.007096622
0.008905681
0.007235141
0.007892561
0.007224783
0.008429697
0.005776332
0.005637713
0.005131275
0.007105298
0.009231389
0.008427083
0.008033841
0.005594414
0.005004628
0.006263648
0.006488897
0.008549263
0.007687503
0.006207806
0.007138509
0.00700826
0.007984352
0.007601536
0.004775637
0.00593143
0.006952409
0.004810569
0.008156593
0.005462366
0.009169396
0.008162015
0.007868364
0.006349598
0.005410941
0.0075146
0.005950205
0.004510816
0.005942001
0.006190938
0.006965148
0.007840758
0.006076015
0.007381829
0.005192217
0.004665247
0.007364594
0.005758908
0.004224474
0.008856321
0.005999505
0.008170849
0.005677661
0.007665071
0.006222606
0.005755987
0.005524814
0.007223913
0.004242647
0.00686641
0.006473387
0.007036831
0.006087468
0.005822512
0.008392782
0.008225612
0.008247255
0.006177641
0.007918818
0.007900915
0.006800077
0.005418429
0.004004889
0.005255049
0.004929126
0.004582947
0.008756095
0.005022439
0.006439051
0.008058458
0.00449096
0.008615951
0.009335006
0.00560553
0.005907022
0.006726285
0.005901173
0.007302215
0.005388773
0.006041335
0.006364253
0.008832792
0.006631913
0.006190448
0.005024897
0.00585466
0.005826707
0.005252303
0.006467345
0.004857229
0.005599109
0.006360489
0.006843093
0.005329397
0.004929494
0.008135253
0.005577958
0.008291916
0.009331302
0.007441906
0.01133119
0.005874503
0.005035253
0.005172097
0.006497001
0.009493468
0.007447118
0.006643306
0.007373944
0.007196411
0.005867316
0.004411318
0.006202988
0.007907874
0.005194356
0.005411161
0.005516368
0.006896082
0.00877997
0.008885186
0.008957283
0.01012354
0.008616087
0.006048709
0.00649194
0.007082888
0.007782014
0.008233003
0.007837951
0.007676533
0.004772716
0.006713455
0.00867223
0.004225544
0.0089368
0.004503427
0.006421577
0.004728237
0.006168217
0.005299445
0.007279694
0.007392644
0.006297099
