70.7531
52.7344
74.6269
56.9827
67.6763
78.4962
78.3479
70.9632
69.961
63.1679
51.7311
51.6926
48.5208
70.2218
43.8372
57.7293
73.0054
79.3524
71.1213
100.616
65.6097
55.4643
67.2922
67.1195
47.4412
96.3002
55.4469
90.4688
71.8198
73.5671
50.2809
76.5027
48.5817
77.0603
90.579
49.3903
83.6151
44.7914
40.1786
64.9943
71.184
66.9543
62.1361
50.3698
62.5255
64.1744
49.7208
59.7681
39.2624
76.2808
82.2474
63.7356
61.3667
61.945
54.1687
77.8509
60.0263
47.0633
78.014
50.3682
53.9575
86.1025
57.3824
44.5576
56.8261
74.102
77.8863
62.9178
78.0075
62.0724
43.7944
82.035
50.3154
81.3283
72.7
41.9904
43.6983
56.4792
56.4942
56.3922
69.8167
58.7009
54.3755
53.601
65.7759
50.7937
75.5664
42.5198
49.4512
64.6684
67.0191
46.3114
76.4822
57.0126
54.5215
85.0121
67.5742
72.4567
46.9937
55.011
78.7942
72.0774
44.6522
74.0218
50.1036
49.6299
61.3153
38.6229
77.6421
73.5628
42.7035
82.0123
77.4498
61.1452
43.9797
62.8187
54.4739
52.1543
66.4047
47.4722
77.4409
58.4516
60.2159
68.68
67.0282
61.4173
73.7422
36.6671
60.3874
62.88
48.8356
57.9094
61.2638
76.0582
79.6486
44.7388
58.8753
57.5793
54.9183
59.3491
64.5238
68.4426
62.0378
63.1268
46.5309
47.1386
57.5755
41.008
42.8957
45.5127
71.3635
76.4987
56.4817
82.7925
79.808
59.6571
62.6271
57.6557
56.0917
98.6573
51.2745
55.8234
55.9433
66.1245
39.8436
36.9733
51.4344
58.0767
71.1875
55.2945
70.1366
44.6252
62.3224
77.0643
59.9135
74.6697
50.3297
56.0481
54.5525
72.5207
48.218
74.8769
70.8419
79.39
69.4928
69.8317
77.0446
64.3187
66.3751
57.962
72.9152
86.9759
54.5102
72.6544
39.2964
47.3887
51.0721
46.3259
56.8828
48.2247
51.7215
59.295
65.2174
88.1536
49.5502
43.9025
60.8922
72.758
93.0232
86.784
76.4852
56.3679
54.597
61.115
82.832
72.7497
55.0563
72.1671
67.6438
59.8373
72.196
77.8071
95.4209
84.9459
72.5382
71.1261
56.0772
70.4829
66.3144
72.2705
71.8959
49.5953
58.2524
67.4964
51.8693
91.1947
63.1622
80.1522
62.5095
51.0752
54.6184
57.1605
93.1616
95.712
66.4068
65.3788
46.5096
58.6729
105.868
69.5169
58.1035
73.7681
47.7371
64.5158
71.0504
97.6939
48.8135
84.1439
64.7115
74.0471
81.1258
63.172
75.6781
75.1593
71.4404
51.792
88.9614
60.1653
62.1441
79.7962
44.82
67.7631
51.7616
45.2838
65.9647
89.4182
63.5349
101.555
57.8793
64.9047
56.7376
49.5005
77.2645
72.9253
55.997
52.9466
57.5622
53.7035
67.4678
73.2158
58.601
78.9087
47.0268
63.7525
69.1219
65.5467
64.4286
63.0462
69.4236
61.8739
62.4064
49.8799
56.2415
100.072
70.5705
60.7138
74.447
74.6476
51.4468
62.7382
51.4156
72.6551
87.1143
64.143
53.451
44.5014
74.6503
41.5027
50.7512
82.6358
63.3247
30.0934
61.8982
59.3996
46.9819
65.4834
58.4022
68.9642
63.9009
55.4783
69.9515
69.9018
52.878
43.8325
45.7707
62.2039
69.0215
70.3178
46.1707
61.7944
42.8818
62.6725
58.616
58.7017
45.926
64.6501
62.5657
36.5427
81.1647
58.1344
63.5528
82.7278
77.9251
78.4936
79.7147
64.5612
41.1698
61.73
62.9269
66.9989
69.193
75.4415
64.1379
36.5603
56.3664
60.9935
54.593
66.492
57.94
44.3245
60.4925
46.6832
78.2771
65.7163
49.2923
79.8371
74.386
88.3824
57.2134
59.2358
58.4659
47.7533
73.0295
92.7171
64.372
52.0072
65.5167
34.1408
75.5647
50.1502
43.0804
70.134
76.5385
58.972
49.0647
58.0059
66.2151
70.8287
65.1554
53.9356
49.5787
60.1712
85.3835
75.8421
48.5565
77.918
68.8539
69.0199
70.2776
57.6373
65.5034
62.3452
71.9034
41.5603
40.4609
91.5526
50.8493
81.772
90.7212
53.7589
76.1617
58.65
84.4942
64.3704
43.4803
69.1938
63.7085
63.0419
57.0067
55.2006
86.9997
56.4483
53.9065
45.9577
64.6513
54.4225
67.5966
48.61
85.8477
63.8436
67.8098
40.4967
45.0952
52.0402
67.6324
58.9065
66.3847
69.1442
64.2622
86.7371
46.2843
68.9419
47.1632
37.103
61.8714
54.9279
67.148
74.9831
71.448
50.1746
42.7718
53.1481
83.7394
76.4077
39.7657
64.7588
81.6646
44.7932
59.9408
69.8501
58.6876
63.6621
53.1233
40.4558
66.3902
68.9898
54.2972
37.8964
61.4645
92.1363
76.32
63.615
49.2144
51.3574
71.1815
41.894
57.905
54.4661
83.0034
45.9271
59.7463
63.3152
75.651
57.4148
65.4574
55.5857
46.0908
87.3495
53.9437
72.1113
97.8897
44.7507
50.0623
100.995
86.6362
57.0582
72.3898
71.4754
60.291
51.1016
71.6859
44.1747
59.5873
53.1681
77.8204
76.2623
79.7879
61.5136
55.0791
64.5813
40.8066
66.3459
41.7895
54.9329
52.7167
79.8366
47.1439
81.3664
48.7602
47.4453
64.2071
73.5252
53.1966
65.962
44.0398
73.2708
59.5712
81.7155
56.7337
88.7747
45.335
68.9003
72.2704
88.1663
39.7154
58.3917
58.3428
61.7753
63.9267
48.841
66.4847
45.6018
45.6484
71.0731
68.0046
46.0403
51.2148
53.1146
87.798
80.3904
68.79
55.6338
54.6878
50.6218
92.3386
65.074
40.7622
43.1252
76.3756
52.6733
67.6584
55.3701
49.2608
69.1524
63.9768
71.4286
39.3485
46.3018
50.2028
65.1903
50.2106
70.4268
69.4579
74.3417
66.2366
89.6543
71.0148
54.717
64.9233
48.292
51.1482
54.1492
81.1769
73.5704
52.9741
105.439
37.864
46.6362
72.8381
63.303
37.3065
57.8667
80.1156
90.6044
62.7511
80.5044
62.176
62.3542
55.0309
50.547
84.6441
64.4218
28.6889
44.1772
59.9492
48.5765
67.5078
64.5433
78.2794
51.0516
62.4835
55.3274
42.647
37.7591
60.3527
49.4198
62.4085
75.8807
54.8638
63.4805
38.3782
67.5836
56.2241
69.2358
56.7854
94.4955
68.1633
92.9688
58.0165
60.1203
59.0341
50.4302
45.4337
62.5382
51.6156
82.8948
67.8257
65.6753
67.8416
61.6362
33.8377
71.936
82.5482
57.0484
48.6205
53.4735
64.5537
47.1004
59.7761
59.5313
60.2111
77.0132
63.0279
79.669
65.5788
78.7234
69.0953
46.1211
51.4397
69.7606
63.7702
59.8095
78.951
61.0054
69.4196
63.3615
37.2121
88.9336
52.5479
74.9166
70.6452
62.309
107.301
62.0639
33.8665
66.8177
77.0381
68.5558
66.0559
47.2096
56.4763
60.6644
64.7849
47.6642
52.8058
42.9653
68.4964
64.2931
81.5872
54.0525
59.1338
41.1639
42.5027
51.5971
66.8467
52.6134
82.3795
36.9878
58.1692
48.3389
88.8039
64.9483
70.9506
63.4579
56.2626
58.9779
78.1457
49.3916
70.9679
55.344
66.4561
45.4373
60.3966
71.8232
46.4263
77.6347
71.0992
61.8086
57.8191
64.3481
49.3828
49.7931
52.582
70.0743
66.0052
67.125
81.1321
56.6351
76.0248
52.0947
61.8074
93.8417
63.1451
64.2813
58.9634
68.2813
68.2561
72.2194
47.0717
66.4714
77.5908
78.4615
72.0476
70.0325
73.9751
87.5352
76.6035
70.4151
51.8415
50.6374
60.0983
46.0823
59.8684
52.4595
67.6767
46.7642
46.2147
43.0942
64.0569
63.3512
46.5608
71.0642
71.5166
63.9008
75.4849
44.9222
54.0675
52.94
55.889
46.3985
95.8271
85.5213
71.9352
67.7719
59.0284
78.3612
62.324
49.3483
58.8407
40.9373
68.5638
54.5676
75.2687
43.1595
64.6972
53.6184
68.0706
82.1187
69.4176
65.3882
51.6842
49.7299
40.1799
80.8073
61.3139
57.2117
68.5218
44.0774
49.019
70.3023
83.7372
73.5225
50.6285
74.5847
62.4365
55.0682
68.4305
59.5153
90.1675
43.7242
59.3186
59.8613
69.0829
79.0959
40.5733
57.2484
66.3371
54.2776
55.5162
76.2402
66.6479
54.7641
79.1997
70.112
96.7113
94.4636
62.7356
60.9141
71.3568
52.5697
41.3034
71.4582
43.5626
52.927
94.183
85.3723
63.1127
63.0841
69.0736
67.8624
51.8547
67.7575
67.9985
69.5499
44.6172
59.9198
98.0602
37.0585
75.2875
57.1138
63.5017
56.398
47.3195
50.6659
89.0679
65.8597
66.4375
60.9714
60.6496
61.2829
45.4902
59.5643
51.7628
47.2629
85.9561
50.2604
48.3993
52.6923
52.1148
63.7379
59.1815
73.2389
87.618
69.1671
52.5007
52.6753
56.0847
81.512
94.7332
65.6028
76.8622
72.103
68.2663
47.7011
55.6676
93.4543
79.5267
77.1077
85.7919
47.7326
58.3484
74.1476
69.6906
60.2107
88.0809
34.0296
65.7018
62.4077
65.3308
37.6263
59.8977
73.5649
64.3896
81.3824
51.3004
64.2771
69.6072
91.2917
58.1092
56.1615
55.9017
64.1646
43.3802
53.1787
44.1647
83.5425
79.9487
64.9551
70.9579
58.3189
55.7844
76.2694
80.641
74.775
81.6959
68.1538
68.3077
76.8779
58.8407
63.8672
41.5055
66.5868
40.2288
80.7918
48.3022
69.2885
54.1227
55.5487
65.9362
56.3048
77.0354
61.1892
62.3559
54.7461
77.7448
67.1481
58.586
49.5709
103.861
57.5524
50.4405
28.4336
59.6469
63.7659
52.3692
53.8996
63.4289
51.0694
69.7981
71.3553
53.9413
53.8469
62.5196
50.9188
79.2204
74.2045
59.3379
64.3447
48.1381
66.0498
55.2407
54.5827
76.3882
41.6701
61.8308
54.7213
39.0102
51.1174
67.9756
28.3479
84.3578
53.9746
64.3807
38.0415
60.1233
45.6425
34.2748
59.2714
80.1893
63.3568
68.6533
71.636
54.4668
45.9609
89.0868
78.4414
49.244
88.257
67.8974
78.6131
86.108
59.7909
42.3333
78.3528
79.2823
66.4931
52.3786
70.5662
81.2986
47.0309
75.6867
59.0225
50.9585
66.519
60.344
86.6012
43.5053
76.877
61.3312
45.8107
80.1012
59.8032
40.5403
93.7352
64.6879
57.4663
65.025
60.3913
84.7678
69.6998
64.0281
63.2807
81.5582
51.0334
59.3652
55.7744
60.9763
76.2833
59.8122
58.3064
80.0005
48.6698
59.7648
86.0731
65.993
64.5749
46.6923
56.3218
66.2624
94.4608
51.3922
37.292
63.6572
48.5338
61.9474
62.2222
68.2727
61.3939
100.741
66.7542
48.5587
63.7689
86.3346
55.5055
47.3274
65.4199
88.1216
70.9265
61.4539
53.1851
85.5938
57.3388
66.7632
42.5793
61.6392
72.2934
67.9649
63.4373
57.7696
63.4394
65.9449
78.5065
46.0501
44.3249
62.9302
66.121
49.5641
47.2623
78.4928
66.8381
67.1668
50.0107
76.6141
57.6107
49.3722
53.049
59.6463
42.9295
55.5476
79.6121
72.7918
70.4816
28.9598
55.5246
58.2834
51.7371
61.3924
65.9252
52.6627
53.7865
60.4398
49.7718
82.4183
68.2352
45.8817
65.5591
49.5257
79.0048
76.7156
77.4081
53.8509
52.0767
46.022
74.8088
94.0249
88.9332
46.381
44.2525
49.5751
87.4223
61.3913
61.0405
69.7513
57.904
64.6209
60.1673
77.3897
65.2491
42.5276
82.4005
74.1176
109.573
56.7705
64.9725
67.7483
57.2905
55.6945
83.8176
50.3814
58.3823
56.7899
75.0227
55.1906
45.9446
45.8953
66.0738
70.1893
83.1325
69.4348
54.268
49.7398
50.5068
53.7646
79.0723
75.2286
63.0682
60.6058
65.7653
73.3326
73.1958
45.8752
55.9214
61.7002
47.8503
69.0091
41.9064
67.7247
74.8478
73.7091
61.4883
49.6436
68.1602
55.1055
42.4185
53.0815
55.7715
58.8982
65.445
46.3411
68.3096
39.3259
43.2815
68.0054
46.2681
36.6479
84.4026
51.826
77.0038
56.495
73.2035
58.9834
51.7233
52.7475
57.172
40.4435
69.5945
62.4063
69.2947
57.7624
54.8575
79.1232
79.6713
69.4936
61.9605
74.9509
71.0071
61.4561
52.6072
32.9797
46.0799
29.7629
46.5467
82.8324
43.7576
59.2714
73.6419
36.366
86.0195
94.8726
49.416
49.467
59.8979
60.7449
64.7245
52.6329
57.4044
59.9498
84.844
70.6763
56.0958
44.5744
55.3763
57.1417
43.8749
62.8752
49.926
56.7856
60.3272
55.8989
44.9727
44.7076
73.5396
51.9999
81.1937
81.9446
62.5234
99.3699
44.6155
39.8363
43.3806
65.1097
83.6347
65.963
61.6625
65.7292
71.3658
58.393
41.0826
57.0905
76.6568
41.1339
51.7801
44.7469
67.6716
83.1666
79.7656
73.8382
79.5583
70.2641
57.7509
57.0698
68.0412
68.806
79.3617
75.4953
66.2484
46.0706
58.0166
71.2219
39.6007
75.0247
41.2667
56.9974
42.1101
57.3886
45.3889
66.1548
71.2421
52.7491
